7 ( 4 )
12 ( 5 )
17 ( 5 ) 2
21 ( 4 )
26 ( 5 )
31 ( 5 )
36 ( 5 ) 3
40 ( 4 )
45 ( 5 )
50 ( 5 )
55 ( 5 )
60 ( 5 ) 4
64 ( 4 )
69 ( 5 )
74 ( 5 )
79 ( 5 )
84 ( 5 ) 4
88 ( 4 )
93 ( 5 )
98 ( 5 )
103 ( 5 ) 3
107 ( 4 )
112 ( 5 )
117 ( 5 )
122 ( 5 )
127 ( 5 ) 4
131 ( 4 )
136 ( 5 )
141 ( 5 )
146 ( 5 )
151 ( 5 ) 4
155 ( 4 )
160 ( 5 )
165 ( 5 )
170 ( 5 ) 3
174 ( 4 )
179 ( 5 )
184 ( 5 )
189 ( 5 )
194 ( 5 ) 4
198 ( 4 )
203 ( 5 )
208 ( 5 )
213 ( 5 ) 3
217 ( 4 )
222 ( 5 )
227 ( 5 )
232 ( 5 )
237 ( 5 ) 4
241 ( 4 )
246 ( 5 )
251 ( 5 )
256 ( 5 )
261 ( 5 ) 4
265 ( 4 )
270 ( 5 )
275 ( 5 ) 
280 ( 5 ) 3
284 ( 4 )
289 ( 5 )
294 ( 5 )
299 ( 5 )
304 ( 5 ) 4
308 ( 4 )
313 ( 5 )
318 ( 5 )
323 ( 5 )
328 ( 5 ) 4
332 ( 4 )
337 ( 5 )
342 ( 5 )
347 ( 5 ) 3
351 ( 4 )
356 ( 5 )
361 ( 5 )
366 ( 5 )
371 ( 5 ) 4
375 ( 4 )
380 ( 5 )
385 ( 5 )
390 ( 5 )
395 ( 5 ) 4
399 ( 4 )
404 ( 5 )
409 ( 5 )
414 ( 5 ) 3
418 ( 4 )
423 ( 5 )
428 ( 5 )
433 ( 5 )
438 ( 5 ) 4
442 ( 4 )
447 ( 5 )
452 ( 5 )
457 ( 5 )
462 ( 5 ) 4
466 ( 4 )


471 ( 5 ) 3
476 ( 5 )
481 ( 5 )
485 ( 4 )
490 ( 5 )
495 ( 5 )
500 ( 5 )
505 ( 5 ) 4
509 ( 4 )
514 ( 5 )
519 ( 5 )
524 ( 5 )
529 ( 5 ) 4
533 ( 4 )
538 ( 5 )
543 ( 5 )
548 ( 5 ) 3
552 ( 4 )
557 ( 5 )
562 ( 5 )
567 ( 5 )
572 ( 5 ) 4
576 ( 4 )
581 ( 5 )
586 ( 5 )
591 ( 5 )
596 ( 5 ) 4
600 ( 4 )
605 ( 5 )
610 ( 5 )
615 ( 5 ) 3
619 ( 4 )
624 ( 5 )
629 ( 5 )
634 ( 5 )
639 ( 5 ) 4
643 ( 4 )
648 ( 5 )
653 ( 5 )
658 ( 5 ) 3
662 ( 4 )
667 ( 5 )
672 ( 5 )
677 ( 5 )
682 ( 5 ) 4
686 ( 4 )
691 ( 5 )
696 ( 5 )
701 ( 5 )
706 ( 5 )
710 ( 4 )
715 ( 5 )
298
[Finished in 0.3s]