0.012944984
0.029126214
0.045307443
0.058252427
0.074433657
0.090614887
0.106796117
0.1197411
0.13592233
0.15210356
0.16828479
0.184466019
0.197411003
0.213592233
0.229773463
0.245954693
0.262135922
0.275080906
0.291262136
0.307443366
0.323624595
0.336569579
0.352750809
0.368932039
0.385113269
0.401294498
0.414239482
0.430420712
0.446601942
0.462783172
0.478964401
0.491909385
0.508090615
0.524271845
0.540453074
0.553398058
0.569579288
0.585760518
0.601941748
0.618122977
0.631067961
0.647249191
0.663430421
0.67961165
0.692556634
0.708737864
0.724919094
0.741100324
0.757281553
0.770226537
0.786407767
0.802588997
0.818770227
0.834951456
0.84789644
0.86407767
0.8802589
0.896440129
0.909385113
0.925566343
0.941747573
0.957928803
0.974110032
0.987055016
1.003236246
1.019417476
1.035598706
1.051779935
1.064724919
1.080906149
1.097087379
1.113268608
1.126213592
1.142394822
1.158576052
1.174757282
1.190938511
1.203883495
1.220064725
1.236245955
1.252427184
1.268608414
1.281553398
1.297734628
1.313915858
1.330097087
1.343042071
1.359223301
1.375404531
1.391585761
1.40776699
1.420711974
1.436893204
1.453074434
1.469255663
1.485436893
1.498381877
1.514563107
1.530744337
1.546925566
1.55987055
1.57605178
1.59223301
1.608414239
1.624595469
1.637540453
1.653721683
1.669902913
1.686084142
1.702265372
1.715210356
1.731391586
1.747572816
1.763754045
1.776699029
1.792880259
1.809061489
1.825242718
1.841423948
1.854368932
1.870550162
1.886731392
1.902912621
1.919093851
1.932038835
1.948220065
1.964401295
1.980582524
1.993527508
2.009708738
2.025889968
2.042071197
2.058252427
2.071197411
2.087378641
2.103559871
2.1197411
2.132686084
2.148867314
2.165048544
2.181229773
2.197411003
2.210355987
2.226537217
2.242718447
2.258899676
2.275080906
2.28802589
2.30420712
2.32038835
2.336569579
2.349514563
2.365695793
2.381877023
2.398058252
2.414239482
2.427184466
2.443365696
2.459546926
2.475728155
2.491909385
2.504854369
2.521035599
2.537216828
2.553398058
2.566343042
2.582524272
2.598705502
2.614886731
2.631067961
2.644012945
2.660194175
2.676375405
2.692556634
2.708737864
2.721682848
2.737864078
2.754045307
2.770226537
2.783171521
2.799352751
2.815533981
2.83171521
2.84789644
2.860841424
2.877022654
2.893203884
2.909385113
2.925566343
2.938511327
2.954692557
2.970873786
2.987055016
3
3.01618123
3.03236246
3.048543689
3.064724919
3.077669903
3.093851133
3.110032362
3.126213592
3.142394822
3.155339806
3.171521036
3.187702265
3.203883495
3.216828479
3.233009709
3.249190939
3.265372168
3.281553398
3.294498382
3.310679612
3.326860841
3.343042071
3.359223301
3.372168285
3.388349515
3.404530744
3.420711974
3.433656958
3.449838188
3.466019417
3.482200647
3.498381877
3.511326861
3.527508091
3.54368932
3.55987055
3.57605178
3.588996764
3.605177994
3.621359223
3.637540453
3.650485437
3.666666667
3.682847896
3.699029126
3.715210356
3.72815534
3.74433657
3.760517799
3.776699029
3.789644013
3.805825243
3.822006472
3.838187702
3.854368932
3.867313916
3.883495146
3.899676375
3.915857605
3.932038835
3.944983819
3.961165049
3.977346278
3.993527508
4.006472492
4.022653722
4.038834951
4.055016181
4.071197411
4.084142395
4.100323625
4.116504854
4.132686084
4.148867314
4.161812298
4.177993528
4.194174757
4.210355987
4.223300971
4.239482201
4.25566343
4.27184466
4.28802589
4.300970874
4.317152104
4.333333333
4.349514563
4.365695793
4.378640777
4.394822006
4.411003236
4.427184466
4.44012945
4.45631068
4.472491909
4.488673139
4.504854369
4.517799353
4.533980583
4.550161812
4.566343042
4.582524272
4.595469256
4.611650485
4.627831715
4.644012945
4.656957929
4.673139159
4.689320388
4.705501618
4.721682848
4.734627832
4.750809061
4.766990291



